7.81715e+00 1.00985e+09 9.999999999999999e-01 4.709126506024766e+24 
7.85637e+00 1.00985e+10 1.150712886693269e+09 4.732753012048899e+24 
8.10594e+00 1.00985e+11 1.261912763906016e+10 4.883096385541287e+24 
1.15376e+01 1.20980e+12 1.216478957009832e+11 6.950361445653297e+24 
1.63115e+01 1.39981e+13 1.022605731360370e+12 9.826204817479360e+24 
4.48536e+01 1.70004e+14 6.109792678186396e+12 2.702024089411891e+25 
2.10907e+02 5.81917e+15 4.897671825081223e+13 1.270524066153885e+26 
1.14377e+03 1.90031e+17 3.224181268036494e+14 6.890179524841049e+26 
1.03842e+04 9.74284e+18 2.096857761259834e+15 6.255534104409816e+27 
2.60821e+04 4.96683e+19 4.323082252774997e+15 1.571206614852099e+28 
6.55146e+04 2.43062e+20 8.630030795942310e+15 3.946641045710894e+28 
1.64506e+05 1.15084e+21 1.669867087871943e+16 9.909893012167720e+28 
4.13417e+05 5.26483e+21 3.129311608058356e+16 2.490412430651336e+29 
1.03842e+06 2.31847e+22 5.667432761602113e+16 6.255303105342416e+29 
2.60821e+06 9.75405e+22 9.875768534833226e+16 1.571103575296042e+30 
6.55324e+06 3.91101e+23 1.660131818408302e+17 3.947267898203605e+30 
8.24855e+06 5.25842e+23 1.842724068567063e+17 4.968339714177620e+30 
1.64595e+07 1.43474e+24 2.588761872468997e+17 9.913467238019554e+30 
3.28384e+07 3.83250e+24 3.584302094107078e+17 1.977684876233368e+31 
6.55324e+07 1.00585e+25 4.880807670523940e+17 3.946265478810401e+31 
1.30796e+08 2.60365e+25 6.548791758040543e+17 7.875281833946769e+31 
2.61000e+08 6.67472e+25 8.699286480401559e+17 1.571214987484141e+32 
3.28562e+08 8.73669e+25 9.400841656732047e+17 1.977804915723606e+32 
5.20912e+08 1.62955e+26 1.119100419322849e+18 3.135210044659458e+32 
8.25569e+08 3.02822e+26 1.329163067827277e+18 4.967984402683619e+32 
1.03931e+09 4.12890e+26 1.448574254861286e+18 6.253583717372259e+32 
1.30885e+09 5.03572e+26 1.526167821426292e+18 7.874630654990319e+32 
1.64809e+09 6.85897e+26 1.648694590831357e+18 9.914646063150842e+32 
2.61178e+09 1.27180e+27 1.926816930035247e+18 1.570842597086973e+33 
4.14130e+09 2.35532e+27 2.251274342572354e+18 2.490092536340615e+33 
6.56572e+09 4.36121e+27 2.632361402652707e+18 3.946600075413796e+33 
8.26638e+09 5.66056e+27 2.807921148353846e+18 4.967995647625928e+33 
1.04038e+10 7.70170e+27 3.026609729984585e+18 6.251424107825837e+33 
1.31081e+10 1.04782e+28 3.263291061697506e+18 7.874824339004168e+33 
1.65005e+10 1.42481e+28 3.518453969923182e+18 9.910735659778644e+33 
2.07876e+10 1.93716e+28 3.794412217477452e+18 1.248282278011351e+34 
2.61713e+10 2.50272e+28 4.035969812480310e+18 1.571190350462209e+34 
3.29454e+10 3.40313e+28 4.340480784612425e+18 1.977370986625123e+34 
4.15022e+10 4.62717e+28 4.670723004752615e+18 2.490258725991496e+34 
5.22516e+10 5.94894e+28 4.953465714687935e+18 3.134351560169747e+34 
6.58177e+10 8.08782e+28 5.315469674179201e+18 3.946930390693003e+34 
8.28777e+10 1.09989e+29 5.707606012223517e+18 4.968352515343060e+34 
1.04323e+11 1.49482e+29 6.130142334617025e+18 6.251750332311540e+34 
1.31491e+11 2.03329e+29 6.588766492248639e+18 7.876816081165078e+34 
1.65504e+11 2.59725e+29 6.970025192817824e+18 9.910373389284296e+34 
1.83454e+11 2.89204e+29 7.138861268493314e+18 1.098324240301014e+35 
2.08411e+11 3.28937e+29 7.341524013213669e+18 1.247461045133603e+35 
2.62604e+11 4.47176e+29 7.842307272457227e+18 1.571179402095783e+35 
3.30702e+11 5.81597e+29 8.296823937298339e+18 1.977737064625508e+35 
4.27500e+11 7.80423e+29 8.870557852639740e+18 2.555188026461617e+35 
4.43544e+11 7.88915e+29 8.890018483526533e+18 2.650888356696060e+35 
5.20020e+11 8.35057e+29 8.985594653020328e+18 3.107028427343728e+35 
6.57464e+11 9.09717e+29 9.112968803025873e+18 3.926706520825823e+35 
7.92055e+11 9.82935e+29 9.214105655025458e+18 4.729269776231553e+35 
9.67468e+11 1.08291e+30 9.327861874173757e+18 5.775128780875519e+35 
1.18959e+12 1.21781e+30 9.452856622092839e+18 7.099304885109235e+35 
1.46305e+12 1.39885e+30 9.575646245745719e+18 8.729426769629142e+35 
1.67394e+12 9.52334e+29 9.174098123169277e+18 9.987885064070771e+35 
6.70637e+12 9.29103e+30 1.221563188044322e+19 3.991586527537239e+36 
1.34234e+13 1.86827e+31 1.317299213785489e+19 7.981068576750918e+36 
2.01441e+13 3.34064e+31 1.405015054609759e+19 1.196881389902073e+37 
2.68825e+13 5.15268e+31 1.482112848693640e+19 1.596338363846336e+37 
3.36210e+13 7.23387e+31 1.550913842816156e+19 1.995476844244200e+37 
4.03595e+13 9.55058e+31 1.613433670492807e+19 2.394325901446214e+37 
4.70979e+13 1.20868e+32 1.671354556525077e+19 2.792900696037461e+37 
5.38542e+13 1.48361e+32 1.725709223948617e+19 3.192285463412808e+37 
6.06105e+13 1.77855e+32 1.777103412040468e+19 3.591436068443753e+37 
6.73668e+13 2.09577e+32 1.826508326689666e+19 3.990363911393738e+37 
7.41231e+13 2.43222e+32 1.873911639276931e+19 4.389076183894448e+37 
8.08972e+13 2.79111e+32 1.920011833754794e+19 4.788633137547510e+37 
8.76713e+13 3.17242e+32 1.965086913510287e+19 5.187985346150882e+37 
9.44454e+13 3.57456e+32 2.009139057376836e+19 5.587135998923203e+37 
1.01220e+14 4.00073e+32 2.052496195560308e+19 5.986127376398093e+37 
1.07994e+14 4.44933e+32 2.095184911154828e+19 6.384891640241778e+37 
1.14768e+14 4.92357e+32 2.137601203158061e+19 6.783464216506315e+37 
1.21560e+14 5.42344e+32 2.179644368974999e+19 7.182915097739751e+37 
1.28352e+14 5.94894e+32 2.221490804465776e+19 7.582175054446642e+37 
1.35144e+14 6.49528e+32 2.262793250679696e+19 7.981246265543596e+37 
